Image: Ellipse

Iteration           	Opt. Energy         	Elastica II         	Elastica MDCA       	Unlabeled           	
IT 0                	-1.000000           	5.435176            	0.196185            	215928840.000000    	
IT 1                	0.320274            	5.749526            	0.200395            	18.000000           	
IT 2                	0.481667            	5.501793            	0.200370            	22.000000           	
IT 3                	-1.169152           	6.142554            	0.200289            	15.000000           	
IT 4                	0.625604            	5.449538            	0.200697            	11.000000           	
IT 5                	0.012565            	5.229322            	0.201736            	0.000000            	
IT 6                	0.316934            	5.098241            	0.200884            	0.000000            	
IT 7                	-1.177171           	6.821196            	0.209967            	0.000000            	
IT 8                	0.679867            	4.291407            	0.206053            	0.000000            	
IT 9                	-0.041646           	4.890997            	0.221780            	0.000000            	
