Image: Flower

Iteration           	Opt. Energy         	Elastica II         	Elastica MDCA       	Unlabeled           	
IT 0                	-1.000000           	19.746901           	4.196430            	215928840.000000    	
IT 1                	28.537395           	19.767994           	4.802503            	9.000000            	
IT 2                	26.337748           	13.521835           	3.104939            	10.000000           	
IT 3                	19.474400           	11.455302           	1.833502            	11.000000           	
IT 4                	18.819643           	9.811071            	0.989863            	9.000000            	
IT 5                	14.237489           	9.869447            	0.607499            	11.000000           	
IT 6                	10.387562           	8.661694            	0.416855            	18.000000           	
IT 7                	8.096608            	7.975227            	0.328566            	33.000000           	
IT 8                	9.470343            	7.682728            	0.258335            	9.000000            	
IT 9                	7.428581            	7.983581            	0.239106            	9.000000            	
