Image: Pentagon

Iteration           	Opt. Energy         	Elastica II         	Elastica MDCA       	Unlabeled           	
IT 0                	-1.000000           	7.607001            	1.027553            	215928840.000000    	
IT 1                	3.178651            	6.186800            	0.365251            	19.000000           	
IT 2                	2.261324            	6.257430            	0.274134            	0.000000            	
IT 3                	1.684036            	5.207014            	0.240537            	0.000000            	
IT 4                	0.855327            	5.428402            	0.215890            	0.000000            	
IT 5                	1.468823            	4.758513            	0.201040            	0.000000            	
IT 6                	0.067653            	5.693152            	0.201734            	0.000000            	
IT 7                	0.332132            	5.076450            	0.195606            	0.000000            	
IT 8                	-0.133798           	5.171553            	0.202981            	0.000000            	
IT 9                	-0.287147           	4.693130            	0.196880            	9.000000            	
