Image: Triangle

Iteration           	Opt. Energy         	Elastica II         	Elastica MDCA       	Unlabeled           	
IT 0                	-1.000000           	7.731574            	2.548426            	215928840.000000    	
IT 1                	3.923974            	5.044147            	0.967399            	40.000000           	
IT 2                	2.520529            	4.228915            	0.578229            	19.000000           	
IT 3                	1.370720            	3.558635            	0.463631            	0.000000            	
IT 4                	-0.893600           	4.684747            	0.408614            	0.000000            	
IT 5                	-1.552768           	4.423935            	0.363755            	0.000000            	
IT 6                	-2.815672           	4.199949            	0.340395            	0.000000            	
IT 7                	-3.096648           	4.283313            	0.323120            	0.000000            	
IT 8                	-2.572436           	3.269969            	0.314496            	0.000000            	
IT 9                	-4.318528           	4.048882            	0.317481            	0.000000            	
