Image: Ball

Iteration           	Opt. Energy         	Elastica II         	Elastica MDCA       	Unlabeled           	
IT 0                	-1.000000           	6.083828            	0.156499            	-1846991496.000000  	
IT 1                	1.970797            	6.478352            	0.170532            	28.000000           	
IT 2                	3.185387            	5.657063            	0.175607            	0.000000            	
IT 3                	2.754835            	5.585235            	0.159664            	0.000000            	
IT 4                	0.673616            	6.358740            	0.164136            	0.000000            	
IT 5                	1.944444            	7.213641            	0.167350            	0.000000            	
IT 6                	4.154314            	4.789033            	0.169009            	0.000000            	
IT 7                	2.539340            	5.217934            	0.166973            	0.000000            	
IT 8                	0.615313            	6.200039            	0.167165            	18.000000           	
IT 9                	1.885396            	6.518284            	0.192411            	0.000000            	
