Image: Square

Iteration           	Opt. Energy         	Elastica II         	Elastica MDCA       	Unlabeled           	
IT 0                	-1.000000           	11.480422           	1.810239            	-1846991496.000000  	
IT 1                	3.546531            	8.752566            	0.539147            	0.000000            	
IT 2                	-0.656822           	7.797652            	0.379749            	0.000000            	
IT 3                	-0.101246           	6.290872            	0.305665            	0.000000            	
IT 4                	-1.813089           	6.039008            	0.288115            	0.000000            	
IT 5                	-0.159195           	4.669450            	0.251282            	0.000000            	
IT 6                	-1.344560           	5.234662            	0.251898            	0.000000            	
IT 7                	-1.159210           	5.350870            	0.241963            	0.000000            	
IT 8                	-0.782980           	4.681155            	0.232082            	0.000000            	
IT 9                	-2.145379           	5.129161            	0.230220            	0.000000            	
