Image: Triangle

Iteration           	Opt. Energy         	Elastica II         	Elastica MDCA       	Unlabeled           	
IT 0                	-1.000000           	7.731574            	2.548426            	-1846991496.000000  	
IT 1                	3.957290            	5.090563            	0.972729            	42.000000           	
IT 2                	2.668603            	4.064516            	0.576431            	21.000000           	
IT 3                	0.513685            	4.177731            	0.454644            	8.000000            	
IT 4                	-1.450189           	4.883740            	0.412876            	0.000000            	
IT 5                	-1.548829           	4.279399            	0.364176            	0.000000            	
IT 6                	-2.786201           	4.325939            	0.349645            	0.000000            	
IT 7                	-3.037255           	4.013772            	0.319637            	0.000000            	
IT 8                	-3.172293           	3.561346            	0.319180            	0.000000            	
IT 9                	-4.069239           	3.835820            	0.316619            	0.000000            	
