Image: Flower

Iteration           	Opt. Energy         	Elastica II         	Elastica MDCA       	Unlabeled           	
IT 0                	-1.000000           	19.746901           	4.196430            	-747870464.000000   	
IT 1                	29.157329           	17.198282           	4.385413            	33.000000           	
IT 2                	23.837255           	13.157078           	2.585417            	9.000000            	
IT 3                	19.785186           	9.966933            	1.800372            	8.000000            	
IT 4                	18.393273           	10.016342           	1.051226            	8.000000            	
IT 5                	14.006912           	9.574075            	0.613775            	33.000000           	
IT 6                	12.031646           	7.863785            	0.435031            	0.000000            	
IT 7                	9.925687            	7.969143            	0.348494            	21.000000           	
IT 8                	7.915800            	7.672316            	0.290534            	19.000000           	
IT 9                	6.775572            	7.984807            	0.249631            	22.000000           	
IT 10               	6.628364            	7.731470            	0.211646            	17.000000           	
IT 11               	6.036293            	6.815379            	0.198735            	20.000000           	
IT 12               	6.729491            	6.562154            	0.180574            	8.000000            	
IT 13               	5.895652            	7.128294            	0.183384            	13.000000           	
IT 14               	6.693600            	6.151440            	0.172905            	9.000000            	
IT 15               	5.094670            	7.333681            	0.176288            	7.000000            	
IT 16               	6.431778            	6.371446            	0.164877            	6.000000            	
IT 17               	5.140584            	6.418877            	0.163964            	17.000000           	
IT 18               	4.841541            	6.551768            	0.158835            	24.000000           	
IT 19               	5.526484            	6.291360            	0.163591            	7.000000            	
