Image: Ball

Iteration           	Opt. Energy         	Elastica II         	Elastica MDCA       	Unlabeled           	
IT 0                	-1.000000           	6.083828            	0.156499            	1828134392.000000   	
IT 1                	3.051364            	6.398194            	0.138858            	336.000000          	
IT 2                	7.490891            	6.400355            	0.128984            	352.000000          	
IT 3                	7.902861            	6.427500            	0.125724            	368.000000          	
IT 4                	8.986959            	6.453907            	0.123320            	384.000000          	
IT 5                	9.562974            	6.480132            	0.123159            	400.000000          	
IT 6                	12.225130           	6.506274            	0.123118            	416.000000          	
IT 7                	11.589718           	6.532371            	0.123145            	432.000000          	
IT 8                	13.320582           	6.558442            	0.123071            	448.000000          	
IT 9                	13.832431           	6.584496            	0.121244            	464.000000          	
