Image: Ellipse

Iteration           	Opt. Energy         	Elastica II         	Elastica MDCA       	Unlabeled           	
IT 0                	-1.000000           	5.435176            	0.196185            	1828134392.000000   	
IT 1                	-0.415034           	5.747713            	0.177351            	296.000000          	
IT 2                	2.866934            	5.826481            	0.163344            	312.000000          	
IT 3                	4.238057            	6.167844            	0.183857            	328.000000          	
IT 4                	4.916045            	5.930410            	0.160589            	344.000000          	
IT 5                	6.221699            	5.712229            	0.160675            	360.000000          	
IT 6                	7.406214            	5.814041            	0.159896            	376.000000          	
IT 7                	9.112806            	5.689265            	0.157949            	392.000000          	
IT 8                	9.566108            	5.715340            	0.157584            	408.000000          	
IT 9                	11.252548           	5.741396            	0.156577            	424.000000          	
