Image: Flower

Iteration           	Opt. Energy         	Elastica II         	Elastica MDCA       	Unlabeled           	
IT 0                	-1.000000           	19.746901           	4.196430            	1828134392.000000   	
IT 1                	49.560448           	22.406404           	4.751552            	540.000000          	
IT 2                	44.096968           	18.227810           	4.473042            	534.000000          	
IT 3                	39.041875           	17.558727           	4.177353            	524.000000          	
IT 4                	31.142024           	13.037709           	2.628601            	518.000000          	
IT 5                	27.582479           	11.629838           	1.871311            	523.000000          	
IT 6                	31.584687           	11.343477           	2.266811            	534.000000          	
IT 7                	27.077225           	10.566070           	1.425722            	548.000000          	
IT 8                	28.222288           	9.616781            	1.179863            	556.000000          	
IT 9                	26.680553           	9.259512            	1.447752            	565.000000          	
