Image: Heptagon

Iteration           	Opt. Energy         	Elastica II         	Elastica MDCA       	Unlabeled           	
IT 0                	-1.000000           	6.541150            	0.696003            	1828134392.000000   	
IT 1                	4.220889            	6.636185            	0.467630            	320.000000          	
IT 2                	5.078344            	5.619955            	0.248597            	336.000000          	
IT 3                	6.591148            	5.403005            	0.216295            	352.000000          	
IT 4                	7.937311            	5.876178            	0.246890            	368.000000          	
IT 5                	9.432699            	5.533947            	0.201192            	384.000000          	
IT 6                	10.399185           	5.560224            	0.201203            	400.000000          	
IT 7                	11.576778           	5.586427            	0.201220            	416.000000          	
IT 8                	11.038650           	5.686644            	0.200923            	432.000000          	
IT 9                	12.694671           	5.562586            	0.200005            	448.000000          	
