Image: Pentagon

Iteration           	Opt. Energy         	Elastica II         	Elastica MDCA       	Unlabeled           	
IT 0                	-1.000000           	7.607001            	1.027553            	1828134392.000000   	
IT 1                	2.688767            	5.986212            	0.450275            	303.000000          	
IT 2                	3.981213            	5.980739            	0.301716            	320.000000          	
IT 3                	4.946659            	5.597788            	0.263314            	336.000000          	
IT 4                	6.023018            	5.466989            	0.226366            	352.000000          	
IT 5                	8.443224            	5.799418            	0.244339            	368.000000          	
IT 6                	8.445629            	5.360590            	0.210054            	384.000000          	
IT 7                	10.399616           	5.386835            	0.208127            	400.000000          	
IT 8                	11.910047           	5.487200            	0.210106            	416.000000          	
IT 9                	11.951992           	5.589308            	0.211461            	432.000000          	
