Image: Square

Iteration           	Opt. Energy         	Elastica II         	Elastica MDCA       	Unlabeled           	
IT 0                	-1.000000           	11.480422           	1.810239            	1828134392.000000   	
IT 1                	-1.317629           	8.884976            	0.432657            	272.000000          	
IT 2                	0.300074            	8.598642            	0.340518            	288.000000          	
IT 3                	1.956082            	8.545741            	0.321232            	304.000000          	
IT 4                	3.528956            	7.624414            	0.290952            	320.000000          	
IT 5                	4.917433            	7.425612            	0.240919            	336.000000          	
IT 6                	5.734561            	7.452098            	0.241152            	352.000000          	
IT 7                	6.838807            	8.102262            	0.261089            	368.000000          	
IT 8                	7.138428            	7.736529            	0.256871            	384.000000          	
IT 9                	8.371825            	7.586268            	0.233261            	400.000000          	
