Image: Ball

Iteration           	Opt. Energy         	Elastica II         	Elastica MDCA       	Unlabeled           	
IT 0                	-1.000000           	6.083828            	0.156499            	951059416.000000    	
IT 1                	-1.144400           	3.802788            	0.179558            	211.000000          	
IT 2                	-2.165683           	4.670535            	0.231336            	152.000000          	
IT 3                	-1.364304           	4.649037            	0.238947            	150.000000          	
IT 4                	-1.587773           	5.098219            	0.294460            	135.000000          	
IT 5                	-3.832115           	6.423348            	0.319731            	67.000000           	
IT 6                	-4.677633           	5.563739            	0.332314            	59.000000           	
IT 7                	-2.303850           	5.514727            	0.317568            	8.000000            	
IT 8                	-2.837127           	5.786569            	0.385722            	43.000000           	
IT 9                	-2.008818           	5.870258            	0.379666            	21.000000           	
