Image: Ellipse

Iteration           	Opt. Energy         	Elastica II         	Elastica MDCA       	Unlabeled           	
IT 0                	-1.000000           	5.435176            	0.196185            	951059416.000000    	
IT 1                	-3.663474           	3.318807            	0.220904            	157.000000          	
IT 2                	-5.159840           	3.459221            	0.250760            	149.000000          	
IT 3                	-3.734888           	3.610191            	0.322259            	129.000000          	
IT 4                	-4.752669           	4.233038            	0.288866            	104.000000          	
IT 5                	-4.713410           	4.481953            	0.407537            	105.000000          	
IT 6                	-6.345657           	4.937605            	0.356628            	82.000000           	
IT 7                	-3.376856           	4.613660            	0.384240            	33.000000           	
IT 8                	-5.655328           	5.195679            	0.430108            	65.000000           	
IT 9                	-6.446039           	3.852752            	0.377217            	75.000000           	
