Image: Flower

Iteration           	Opt. Energy         	Elastica II         	Elastica MDCA       	Unlabeled           	
IT 0                	-1.000000           	19.746901           	4.196430            	951059416.000000    	
IT 1                	32.580946           	19.309402           	4.336174            	258.000000          	
IT 2                	25.440814           	12.901813           	2.853890            	148.000000          	
IT 3                	17.751031           	11.702816           	2.296016            	86.000000           	
IT 4                	12.053961           	9.926498            	1.639240            	123.000000          	
IT 5                	3.037210            	7.900077            	0.769627            	152.000000          	
IT 6                	3.525270            	8.000672            	0.632856            	190.000000          	
IT 7                	5.139558            	7.863269            	0.562873            	189.000000          	
IT 8                	3.432689            	7.855500            	0.386676            	173.000000          	
IT 9                	4.777876            	7.401691            	0.424839            	215.000000          	
