Image: Heptagon

Iteration           	Opt. Energy         	Elastica II         	Elastica MDCA       	Unlabeled           	
IT 0                	-1.000000           	6.541150            	0.696003            	951059416.000000    	
IT 1                	-3.333067           	5.407067            	0.275706            	168.000000          	
IT 2                	-4.516520           	4.881947            	0.263862            	138.000000          	
IT 3                	-4.007481           	4.559959            	0.278906            	133.000000          	
IT 4                	-4.748955           	5.104601            	0.347016            	110.000000          	
IT 5                	-4.956879           	5.447508            	0.356878            	85.000000           	
IT 6                	-4.391110           	6.138327            	0.333225            	21.000000           	
IT 7                	-4.036242           	4.615346            	0.323194            	110.000000          	
IT 8                	-3.813276           	5.926306            	0.305454            	25.000000           	
IT 9                	-5.210213           	5.200614            	0.367139            	75.000000           	
