Image: Pentagon

Iteration           	Opt. Energy         	Elastica II         	Elastica MDCA       	Unlabeled           	
IT 0                	-1.000000           	7.607001            	1.027553            	951059416.000000    	
IT 1                	-1.983683           	5.535028            	0.364356            	136.000000          	
IT 2                	-4.472128           	5.218953            	0.331633            	154.000000          	
IT 3                	-5.687807           	4.923559            	0.280485            	133.000000          	
IT 4                	-3.910461           	4.856584            	0.327173            	110.000000          	
IT 5                	-5.295693           	5.387569            	0.328665            	84.000000           	
IT 6                	-4.069857           	5.026026            	0.334874            	49.000000           	
IT 7                	-4.215463           	5.115769            	0.353495            	52.000000           	
IT 8                	-6.766190           	5.625876            	0.329936            	72.000000           	
IT 9                	-5.356844           	5.214740            	0.397798            	96.000000           	
