Image: Square

Iteration           	Opt. Energy         	Elastica II         	Elastica MDCA       	Unlabeled           	
IT 0                	-1.000000           	11.480422           	1.810239            	951059416.000000    	
IT 1                	-2.542447           	8.692601            	0.393950            	232.000000          	
IT 2                	-0.772344           	6.231190            	0.276305            	213.000000          	
IT 3                	-1.846652           	5.568079            	0.244148            	205.000000          	
IT 4                	-2.240397           	5.112852            	0.249557            	154.000000          	
IT 5                	-2.993872           	4.807414            	0.253316            	134.000000          	
IT 6                	-5.599581           	4.086611            	0.317020            	113.000000          	
IT 7                	-4.050436           	5.859389            	0.384481            	64.000000           	
IT 8                	-3.973754           	7.128796            	0.329420            	24.000000           	
IT 9                	-3.364634           	5.881071            	0.332404            	50.000000           	
