Image: Triangle

Iteration           	Opt. Energy         	Elastica II         	Elastica MDCA       	Unlabeled           	
IT 0                	-1.000000           	7.731574            	2.548426            	951059416.000000    	
IT 1                	1.445989            	3.984388            	0.676281            	104.000000          	
IT 2                	-5.051372           	3.860418            	0.474246            	91.000000           	
IT 3                	-6.398657           	3.626003            	0.418300            	65.000000           	
IT 4                	-7.799483           	3.873530            	0.351648            	119.000000          	
IT 5                	-6.484736           	3.433439            	0.338625            	46.000000           	
IT 6                	-8.363731           	3.809447            	0.327085            	73.000000           	
IT 7                	-7.784419           	4.030312            	0.323654            	65.000000           	
IT 8                	-7.710511           	3.726508            	0.323794            	52.000000           	
IT 9                	-7.021511           	3.447840            	0.363411            	50.000000           	
