Image: Ball

Iteration           	Opt. Energy         	Elastica II         	Elastica MDCA       	Unlabeled           	
IT 0                	-1.000000           	6.083828            	0.156499            	2029423128.000000   	
IT 1                	12.632780           	7.268463            	0.175065            	5.000000            	
IT 2                	12.320671           	7.417867            	0.191865            	0.000000            	
IT 3                	12.320671           	7.417867            	0.191865            	0.000000            	
IT 4                	12.320671           	7.417867            	0.191865            	0.000000            	
IT 5                	12.320671           	7.417867            	0.191865            	0.000000            	
IT 6                	12.320671           	7.417867            	0.191865            	0.000000            	
IT 7                	12.320671           	7.417867            	0.191865            	0.000000            	
IT 8                	12.320671           	7.417867            	0.191865            	0.000000            	
IT 9                	12.320671           	7.417867            	0.191865            	0.000000            	
IT 10               	12.320671           	7.417867            	0.191865            	0.000000            	
IT 11               	12.320671           	7.417867            	0.191865            	0.000000            	
IT 12               	12.320671           	7.417867            	0.191865            	0.000000            	
IT 13               	12.320671           	7.417867            	0.191865            	0.000000            	
IT 14               	12.320671           	7.417867            	0.191865            	0.000000            	
IT 15               	12.320671           	7.417867            	0.191865            	0.000000            	
IT 16               	12.320671           	7.417867            	0.191865            	0.000000            	
IT 17               	12.320671           	7.417867            	0.191865            	0.000000            	
IT 18               	12.320671           	7.417867            	0.191865            	0.000000            	
IT 19               	12.320671           	7.417867            	0.191865            	0.000000            	
